      1 Kiev     18248101.  3512989.111  2068968.912  4888817.398     0.879002     0.532254   212.471  4076974.964
      2 Komsomol 18685901. -2948545.553  2774312.979  4912302.412     0.884788     2.386630   270.301  4048547.071
      3 Simeiz   18734901.  3783902.151  2551405.114  4441257.548     0.775156     0.593254   365.082  4563724.745
      4 Altay    18799401.   543405.811  3955302.296  4957821.036     0.896120     1.434264   370.038  3992456.152
      5 Riga     18844401.  3183895.637  1421497.208  5322803.793     0.993940     0.419910    31.976  3486810.253
      6 Arkhyz   18869601.  3466773.366  3059757.881  4381456.800     0.761833     0.723116  2078.174  4623919.967
      7 Baikonur 18879701.  2001873.318  3987633.388  4542477.667     0.797702     1.105534    98.712  4461918.514
      8 Svetloe  18889801.  2730138.911  1562328.755  5529998.665     1.056503     0.519767    69.789  3145557.122
      9 Badary   18900901.  -838299.971  3865738.847  4987640.893     0.903558     1.784344   804.056  3955588.916
     10 Irkutsk  18915301.  -968340.229  3794415.115  5018178.124     0.911396     1.820664   506.363  3916027.179
     11 Katzivel 18931801.  3785944.345  2550780.789  4439461.397     0.774807     0.592891    68.867  4565069.246
     12 Yarragad 70900513. -2389008.740  5043331.948 -3078525.776    -0.506957     2.013181   245.230  5580551.935
     13 Greenbel 71050725.  1130719.962 -4831352.965  3994108.543     0.681038    -1.340896    23.043  4961904.786
     14 Monument 71100412. -2386279.842 -4802356.214  3444883.486     0.574069    -2.031959  1842.932  5362551.323
     15 Haleakal 71191402. -5466067.806 -2404339.017  2242109.322     0.361396    -2.727198  3059.602  5971494.233
     16 Changchu 72371901. -2674387.081  3757189.194  4391508.287     0.764289     2.189401   274.958  4611812.756
     17 Beijing  72496102. -2148760.760  4426759.548  4044509.606     0.691271     2.022698    82.480  4920708.577
     18 Arequipa 74031306.  1942808.610 -5804072.163 -1796916.360    -0.287381    -1.247788  2492.204  6120601.194
     19 Brasilia 74072701.  4119502.121 -4553595.202 -1722855.131    -0.275292    -0.835407  1029.631  6140482.635
     20 Hartebee 75010602.  5085403.665  2668331.673 -2768690.062    -0.451861     0.483215  1410.725  5742936.910
     21 HartRUSL 75036401.  5085428.440  2668340.694 -2768641.399    -0.451852     0.483214  1412.984  5742963.040
     22 Zimm@532 78106821.  4331283.485   567549.979  4633140.412     0.818162     0.130293   952.063  4368309.696
     23 Borowiec 78113802.  3738332.592  1148246.687  5021816.135     0.912405     0.298008   123.369  3910703.392
     24 Kunmin2  78198201. -1281301.323  5640724.594  2682905.687     0.436852     1.794158  1987.966  5784419.333
     25 Shanghai 78212801. -2830744.597  4676580.229  3275072.784     0.542729     2.115105   100.677  5466581.894
     26 San Fern 78244502.  5105473.852  -555110.486  3769892.979     0.636439    -0.108303    98.966  5135563.349
     27 Mount St 78259001. -4467064.778  2683034.887 -3667007.319    -0.616383     2.600713   805.694  5210887.058
     28 WTZL SOS 78272201.  4075530.996   931781.927  4801620.007     0.857741     0.224765   663.912  4180690.189
     29 Simosato 78383603. -3822388.317  3699363.635  3507573.048     0.586041     2.372549   102.314  5319393.175
     30 Graz     78393402.  4194426.293  1162694.265  4647246.785     0.821477     0.270410   540.117  4352593.466
     31 Herstmon 78403501.  4033463.542    23662.700  4924305.303     0.887803     0.005867    76.135  4033532.952
     32 Potsdam  78418701.  3800432.096   881692.172  5029030.173     0.914256     0.227965   128.064  3901367.094
     33 Grasse   78457801.  4581692.003   556196.273  4389355.226     0.763662     0.120804  1324.066  4615328.364
     34 Matera   79417701.  4641978.617  1393067.723  4133249.623     0.709453     0.291550   537.704  4846504.221
     35 Wettzell 88341001.  4075576.650   931785.679  4801583.698     0.857732     0.224764   666.111  4180735.532
